-775
-676
-600
-725
-738
-650
-759
-750
-750
-800
-800
-800
-811
-819
-800
-800
-775
-800
-800
-800
-800
-800
-800
-775
-800
-800
-800
-800
-800
-800
-800
-775
-800
-800
-800
-800
-800
-775
-800
-800
-800
-775
-800
-800
-800
-800
-800
-800
-800
-800
-800
-800
-800
-816
-818
-800
-800
-834
-809
-800
-815
-800
-800
-804
-800
-800
-800
-804
-833
-869
-833
-861
-806
-800
-830
-775
-750
-663
-700
-750
-700
-725
-775
-800
-800
-800
-800
-815
-800
-800
-800
-800
-800
-802
-800
-800
-800
-800
-800
-800
-775
-800
-800
-800
-800
-800
-800
-800
-800
-800
-800
-800
-800
-800
-800
-800
-800
-800
-775
-800
-800
-800
-800
-800
-800
-800
-800
-809
-828
-800
-813
-800
-828
-800
-800
-830
-813
-822
-800
-800
-802
-845
-818
-812
-846
-861
-845
-824
-818
-810
-791
-800
-701
-700
-751
-675
-726
-750
-800
-800
-800
-800
-800
-800
-800
-800
-800
-800
-800
-800
-800
-800
-775
-800
-800
-800
-800
-800
-800
-800
-800
-800
-800
-800
-800
-800
-800
-800
-800
-800
-800
-800
-776
-800
-800
-800
-800
-800
-800
-800
-800
-800
-820
-809
-823
-821
-818
-835
-826
-800
-816
-800
-800
-800
-800
-801
-850
-815
-812
-846
-827
-838
-835
-812
-800
-775
-775
-775
-700
-675
-700
-750
-775
-750
-800
-800
-802
-800
-800
-800
-800
-800
-800
-800
-800
-800
-800
-800
-800
-800
-800
-800
-800
-800
-800
-800
-800
-800
-800
-800
-800
-800
-800
-800
-800
-775
-800
-800
-800
-800
-800
-800
-800
-800
-800
-800
-800
-775
-800
-800
-800
-800
-812
-800
-805
-800
-800
-800
-800
-800
-812
-833
-822
-821
-827
-827
-800
-801
-801
-800
-775
-800
-775
-717
-750
-575
-700
-725
-775
-800
-750
-800
-800
-800
-750
-750
-800
-775
-775
-800
-750
-775
-798
-775
-725
-800
-775
-800
-800
-800
-800
-800
-800
-800
-800
-775
-800
-800
-800
-800
-675
-725
-800
-800
-775
-800
-800
-800
-800
-800
-800
-800
-775
-775
-760
-800
-800
-800
-800
-800
-800
-800
-800
-800
-800
-800
-800
-800
-807
-810
-810
-811
-815
-822
-800
-750
-746
-750
-750
-700
-498
-475
-675
-684
-750
-750
-725
-775
-775
-775
-700
-725
-750
-675
-750
-775
-775
-800
-675
-775
-725
-600
-800
-784
-800
-775
-775
-800
-775
-775
-731
-775
-800
-800
-800
-564
-613
-725
-800
-775
-776
-800
-800
-800
-775
-800
-770
-693
-750
-800
-800
-800
-800
-769
-750
-800
-800
-800
-800
-800
-800
-800
-800
-800
-800
-810
-800
-800
-813
-809
-375
-469
-675
-625
-658
-575
-549
-519
-600
-725
-600
-533
-725
-775
-700
-700
-750
-650
-625
-800
-775
-800
-800
-800
-800
-650
-650
-665
-725
-700
-660
-725
-734
-775
-725
-725
-725
-775
-800
-800
-675
-550
-675
-700
-750
-775
-775
-775
-775
-775
-750
-650
-600
-775
-800
-800
-800
-750
-800
-775
-800
-810
-800
-725
-800
-725
-778
-775
-801
-800
-800
-800
-800
-800
-800
-525
-600
-625
-650
-350
-375
-275
-625
-575
-513
-675
-686
-750
-775
-700
-725
-600
-694
-725
-775
-775
-775
-733
-425
-600
-675
-495
-625
-503
-575
-694
-448
-441
-575
-700
-618
-608
-681
-750
-700
-500
-275
-434
-375
-650
-700
-750
-750
-800
-800
-725
-742
-550
-675
-775
-750
-800
-750
-675
-800
-775
-800
-800
-750
-661
-601
-731
-775
-800
-800
-800
-800
-800
-800
-800
-750
-750
-725
-687
-575
-429
-600
-700
-498
-375
-700
-639
-475
-417
-650
-725
-706
-725
-775
-775
-750
-666
-650
-476
-589
-575
-719
-496
-375
-700
-395
-231
-100
-600
-475
-625
-725
-675
-550
-388
-400
-501
-390
-500
-575
-775
-675
-725
-700
-700
-725
-675
-700
-750
-711
-775
-775
-775
-600
-764
-775
-800
-800
-725
-800
-800
-800
-775
-800
-775
-800
-800
-800
-800
-800
-750
-800
-589
-550
-450
-575
-489
-725
-569
-350
-475
-375
-416
-425
-650
-725
-725
-675
-597
-443
-600
-675
-675
-400
-350
-191
-450
-510
-600
-468
-175
30
321
-135
-200
-220
-525
-675
-625
-375
-650
-400
-425
-209
-298
-375
-675
-750
-708
-746
-650
-700
-750
-750
-675
-800
-775
-800
-750
-775
-800
-800
-800
-800
-800
-800
-800
-800
-800
-800
-800
-800
-775
-797
-800
-800
-800
-641
-350
-475
-500
-675
-775
-675
-625
-605
-460
-550
-666
-600
-550
-225
-350
-212
-28
-174
-350
-475
-437
-491
-345
-239
-575
-525
-400
50
149
-189
515
135
-350
-445
-418
-521
-550
-150
-275
-287
-202
517
-150
-325
-500
-600
-657
-682
-750
-673
-575
-725
-800
-800
-800
-788
-775
-800
-800
-800
-800
-800
-800
-800
-800
-800
-800
-800
-800
-800
-800
-800
-800
-725
-692
-700
-650
-625
-800
-700
-750
-800
-775
-700
-650
-755
-700
-450
-125
225
-191
-275
0
-236
-369
74
-289
-592
-550
-411
-229
-79
-249
273
532
283
227
177
-25
-323
-321
-225
-200
-575
-133
50
-60
160
75
-350
-609
-600
-475
-300
-635
-575
-675
-750
-800
-800
-800
-800
-781
-800
-800
-800
-800
-800
-800
-800
-800
-800
-800
-800
-800
-800
-775
-775
-775
-700
-632
-564
-775
-800
-800
-800
-800
-775
-800
-775
-775
-714
-700
-563
-484
-383
13
-475
85
102
164
-173
-448
-564
-425
107
-95
-25
198
-50
-275
-292
-300
-225
-125
100
183
-225
20
-225
100
246
-200
-65
-289
-452
-522
-250
-100
-473
-100
-425
-628
-725
-800
-775
-800
-800
-800
-800
-800
-800
-800
-800
-800
-775
-800
-775
-800
-800
-800
-800
-800
-800
-775
-800
-775
-750
-800
-800
-800
-775
-800
-800
-800
-800
-775
-800
-789
-597
-475
-600
-725
-466
-575
-250
-312
-350
-446
-28
-375
-25
104
23
153
-286
-422
-350
560
354
654
300
186
-62
-100
-255
-51
-150
-250
-375
-425
-425
-338
-159
-421
-466
-550
-697
-775
-800
-775
-800
-775
-800
-800
-800
-800
-800
-800
-775
-750
-600
-756
-775
-775
-800
-800
-800
-800
-800
-800
-800
-800
-800
-800
-801
-821
-814
-810
-800
-800
-800
-780
-775
-775
-750
-619
-675
-724
-660
-475
-375
-550
-432
-178
225
43
14
-125
-42
-400
25
0
158
490
425
213
750
-139
267
135
-300
-174
-100
-460
-575
-288
-425
-675
-525
-447
-700
-750
-775
-775
-800
-775
-800
-800
-800
-800
-800
-750
-725
-775
-750
-750
-725
-750
-700
-731
-775
-775
-800
-800
-800
-800
-800
-800
-803
-808
-800
-800
-802
-800
-800
-800
-800
-800
-800
-800
-760
-800
-725
-750
-625
-497
117
-325
189
154
448
7
175
100
-333
-168
130
97
658
525
-22
-118
-287
-300
56
50
-15
-217
220
-200
-175
-275
-650
-575
-650
-700
-650
-725
-725
-775
-800
-775
-800
-800
-800
-800
-725
-750
-677
-525
-544
-500
-475
-575
-675
-726
-800
-800
-800
-800
-800
-810
-800
-815
-812
-802
-819
-833
-800
-800
-800
-817
-800
-800
-800
-800
-800
-750
-725
-530
-450
-400
-151
-175
-189
-322
83
821
629
-175
125
204
449
541
-168
-225
-38
-147
-250
-50
-221
246
-280
-100
195
-153
219
-500
-643
-700
-650
-608
-700
-650
-650
-750
-700
-775
-775
-800
-700
-775
-650
-600
-600
-675
-725
-725
-675
-650
-600
-800
-800
-800
-800
-800
-800
-800
-800
-800
-837
-807
-817
-810
-800
-812
-803
-804
-800
-800
-800
-800
-800
-725
-575
-700
-574
-425
-424
-350
-350
250
354
142
250
222
250
881
850
399
210
775
31
200
225
335
111
364
200
548
-164
-250
-384
-582
-675
-555
-615
-700
-750
-730
-787
-750
-738
-750
-650
-584
-650
-575
-752
-800
-725
-728
-675
-675
-530
-625
-800
-800
-800
-800
-809
-800
-800
-801
-812
-805
-816
-800
-800
-804
-812
-800
-800
-809
-810
-803
-800
-800
-778
-700
-650
-615
-725
-629
-250
-150
11
0
258
50
78
573
423
517
500
-101
350
272
-168
-217
23
537
333
425
-13
-372
-425
-607
-561
-677
-600
-634
-800
-750
-725
-772
-725
-625
-600
-575
-339
-444
-750
-725
-775
-775
-575
-700
-747
-575
-500
-800
-800
-800
-800
-800
-800
-802
-808
-831
-804
-808
-840
-829
-800
-807
-800
-800
-800
-800
-800
-800
-800
-775
-775
-650
-575
-564
-650
-144
-171
144
-292
25
-29
-44
264
22
502
-164
440
591
-44
-25
-142
308
642
554
41
-274
-201
-277
-525
-599
-530
-750
-705
-725
-750
-669
-775
-725
-700
-700
-700
-493
-721
-800
-775
-675
-700
-625
-599
-642
-675
-515
-800
-800
-775
-800
-800
-800
-800
-812
-819
-801
-800
-805
-800
-800
-800
-775
-800
-800
-800
-775
-775
-800
-775
-650
-575
-575
-550
-494
-171
198
350
200
346
765
644
562
1080
679
551
407
771
1130
733
234
-125
-125
20
-275
-268
-340
34
-250
-374
-575
-583
-600
-698
-549
-650
-650
-750
-675
-575
-550
-726
-775
-800
-760
-800
-686
-513
-646
-725
-700
-550
-775
-750
-750
-800
-775
-800
-800
-800
-800
-800
-800
-800
-800
-800
-725
-751
-775
-725
-775
-750
-725
-800
-725
-600
-475
-231
-450
-150
-188
347
-42
-244
236
28
1123
1084
1129
1121
945
960
1116
1150
1104
759
676
143
208
195
535
-120
375
591
-125
-81
-375
-613
-370
-430
-575
-751
-775
-675
-575
-425
-775
-800
-775
-800
-775
-800
-749
-519
-699
-700
-700
-581
-725
-700
-750
-800
-775
-775
-800
-775
-800
-725
-749
-650
-725
-567
-575
-550
-605
-550
-456
-500
-642
-518
-404
-166
-75
-475
-458
-71
495
325
416
654
319
422
1192
708
833
615
1030
464
980
784
754
775
880
1103
1240
1075
523
1025
633
544
662
62
68
-176
-340
-550
-775
-725
-709
-275
-506
-725
-775
-800
-800
-800
-800
-743
-650
-725
-789
-800
-550
-399
-525
-750
-800
-725
-757
-700
-725
-746
-725
-320
-502
-500
-225
-285
-255
-132
-150
276
-300
-50
-202
-351
237
106
-166
252
500
631
781
290
1006
1089
1162
1535
1094
1220
985
861
660
900
1184
1426
747
1533
1420
1752
1528
1105
1117
1255
708
1017
625
171
86
-450
-600
-775
-675
-625
-658
-550
-775
-750
-725
-798
-687
-750
-775
-750
-725
-800
-675
-736
-500
-559
-693
-775
-800
-775
-775
-542
-406
-300
-108
375
-75
-450
-43
-157
-108
-58
782
265
0
157
249
386
-25
851
827
803
956
575
625
1208
1525
1071
1402
1161
1290
1489
1042
775
475
921
1215
1489
1800
1625
1542
1334
1342
1274
1262
1080
1165
979
763
353
0
-261
-450
-550
-495
-450
-585
-700
-700
-622
-750
-675
-700
-765
-775
-755
-750
-625
-650
-700
-675
-725
-800
-800
-775
-675
-450
-434
-42
551
861
692
329
893
548
445
589
900
950
745
726
1225
934
625
840
926
1321
1213
1181
1019
1352
1550
1395
1484
1550
1164
1032
1247
944
1050
1300
1056
1628
1675
1769
1690
1444
1544
1319
1172
864
1081
1399
1212
899
407
275
306
-330
-225
-119
-150
-486
-666
-650
-676
-700
-725
-700
-725
-675
-675
-600
-800
-750
-800
-775
-800
-800
-800
-750
-645
-475
-112
58
979
900
790
1303
873
737
981
1045
1094
908
1400
1211
1410
1217
1224
1450
1675
1676
1800
1502
1421
1296
1722
1123
1430
581
1010
885
1331
1080
863
1211
1630
1664
1627
1457
1213
1523
1137
515
600
948
1203
984
1001
375
156
565
59
-475
-208
25
60
-600
-675
-744
-550
-625
-506
-650
-650
-325
-575
-800
-800
-800
-800
-800
-800
-800
-625
-775
-575
-237
275
776
595
1110
1096
554
652
1210
1059
1248
1226
1264
1625
1705
1800
1674
1800
1653
1787
1757
1712
1589
1636
1521
1275
1265
1367
650
1059
1454
600
1025
856
1293
1112
1225
1167
856
1345
1525
915
825
925
884
943
1050
452
-75
-62
-25
25
-12
300
-500
-575
-625
-600
-500
-625
-425
-625
-600
-700
-599
-812
-801
-800
-800
-800
-800
-800
-765
-800
-164
2
15
370
901
1196
900
1189
1168
1658
1514
1251
1336
1657
1735
1708
1556
1604
1358
1589
1800
1800
1669
1072
1378
1224
1071
1437
1456
1168
875
943
577
1021
1440
1273
1120
1374
1127
569
1259
1223
698
648
1010
1326
875
754
428
182
-273
-300
-306
-278
130
-300
-528
-375
-275
-445
-400
-500
-575
-575
-700
-517
-803
-800
-800
-800
-800
-811
-800
-800
-650
-525
-62
-2
906
354
872
836
1299
1034
1535
1390
1589
1274
1675
1687
1550
1477
950
1444
1668
1671
1675
1242
277
950
776
958
1435
1441
619
475
990
1075
791
1006
905
1364
1171
1032
704
1174
892
706
619
615
669
550
191
0
-250
-350
-456
-355
-301
-447
-420
-488
-185
122
-476
-250
-116
-400
-457
-400
-612
-814
-800
-800
-800
-800
-775
-800
-725
-775
-575
-358
-524
-317
-199
3
504
772
1046
1036
1070
1564
1386
1799
1800
1452
1421
1138
1157
937
1100
1068
-139
-50
890
1336
1491
1268
1184
775
1133
896
1189
1122
350
467
701
967
862
940
950
465
818
705
1232
689
0
-130
-101
-31
-278
-400
-418
-642
-400
-475
-416
-492
-175
-197
-297
-125
-307
-250
-300
-400
-800
-810
-814
-800
-800
-800
-800
-773
-793
-471
-554
-550
-275
-613
-375
34
75
479
1110
1181
1023
644
1259
1325
1008
1228
1185
804
515
627
272
-459
-233
568
858
966
1016
1177
838
763
1017
706
970
890
853
945
1052
932
562
407
2
304
608
400
153
-167
-225
-257
-300
-325
-374
-475
-675
-675
-575
-567
-542
-425
-651
-400
-575
-550
-550
-549
-525
-800
-820
-804
-809
-800
-800
-780
-775
-700
-700
-612
-565
-350
-375
-333
-375
-454
276
332
748
471
639
884
870
612
641
532
629
300
348
245
-77
720
106
872
816
725
733
491
245
368
-92
260
217
738
718
125
687
625
376
559
-224
69
-411
545
369
482
-425
-522
-675
-300
-550
-575
-701
-700
-600
-660
-775
-800
-800
-775
-650
-550
-675
-675
-800
-800
-800
-806
-802
-800
-725
-675
-725
-779
-775
-725
-600
-525
-525
-442
-500
-370
-94
0
-200
351
572
600
558
64
221
28
307
337
891
788
903
600
899
947
601
594
325
200
50
-302
-375
-121
-100
80
-282
645
-205
-224
-75
177
-355
-369
-280
-377
-250
-550
-477
-700
-550
-625
-730
-768
-800
-800
-750
-775
-800
-800
-775
-661
-675
-725
-731
-808
-800
-800
-800
-800
-775
-675
-615
-575
-658
-765
-725
-530
-400
-675
-619
-455
-625
-381
179
300
-82
370
375
638
416
410
0
-425
162
1012
1000
1075
475
614
95
498
351
509
109
-288
-525
-425
-574
-381
-350
-241
162
-100
-175
-350
159
-25
-432
-586
-556
-486
-300
-575
-776
-679
-750
-800
-800
-792
-800
-800
-800
-800
-800
-800
-773
-700
-770
-775
-823
-809
-810
-800
-775
-775
-600
-650
-550
-750
-725
-725
-650
-600
-575
-650
-309
-574
-355
-125
-71
-174
-300
-300
-191
138
-130
-225
-248
-165
572
1134
442
296
294
173
238
144
142
-92
-300
-652
-700
-600
-500
-375
-500
-425
-425
-125
-201
675
-274
-636
-725
-446
-655
-700
-684
-800
-775
-800
-800
-800
-800
-800
-800
-800
-800
-800
-800
-775
-800
-800
-800
-848
-844
-813
-800
-800
-750
-700
-461
-525
-625
-575
-650
-551
-632
-575
-675
-700
-725
-189
-125
-47
-375
-330
-345
-375
-158
43
13
-275
-400
125
286
-43
-199
111
-282
-275
50
156
-225
-385
-559
-448
-720
-550
-400
-625
-405
-325
-526
-475
-44
-525
-675
-575
-775
-800
-775
-775
-777
-775
-800
-800
-812
-800
-800
-817
-809
-800
-800
-800
-800
-800
-800
-800
-862
-840
-811
-800
-800
-800
-750
-723
-573
-616
-275
-286
-519
-700
-400
-375
-631
-625
-326
-282
-170
-265
-169
-500
-600
-325
-129
-53
-384
-363
-224
124
154
-376
-400
-130
-100
-266
-65
-195
-550
-700
-501
-475
-300
-400
-350
68
50
-159
-700
-625
-450
-534
-408
-550
-680
-675
-741
-800
-775
-750
-800
-800
-804
-828
-813
-800
-817
-822
-800
-800
-800
-800
-800
-874
-862
-802
-800
-800
-750
-750
-773
-775
-600
-609
-700
-574
-549
-550
-450
-504
-600
-625
-170
-315
-377
-281
-299
-325
-532
-450
-353
-675
-508
-633
-448
-320
-575
-379
-150
-325
209
698
-175
-550
-450
-300
-25
-401
-381
-300
248
698
190
-345
-672
-256
-450
-525
-550
-526
-650
-800
-775
-750
-800
-800
-800
-800
-806
-824
-852
-817
-800
-800
-800
-800
-777
-800
-849
-850
-819
-819
-800
-800
-800
-750
-775
-750
-800
-744
-600
-525
-575
-454
-375
-287
-672
-216
-175
-480
-350
-200
-328
-475
-444
-700
-498
-300
-460
-646
-525
-627
-550
-349
-250
26
325
-350
-350
-91
-500
-410
-453
-449
-375
-75
403
-450
-500
-662
-453
-356
-172
-475
-612
-750
-757
-793
-725
-775
-800
-810
-804
-815
-840
-854
-810
-822
-800
-800
-800
-800
-800
